48.514366	-71.635323	100.000000	1
48.517386	-71.634035	100.000000	1
48.517365	-71.633799	100.000000	1
48.514337	-71.635140	100.000000	1
48.514302	-71.634904	100.000000	1
48.517336	-71.633563	100.000000	1
48.517704   -71.633338	100.000000	1
48.514266	-71.634668	100.000000	1
48.514224	-71.634454	100.000000	1
48.517280	-71.633080	100.000000	1
48.517379	-71.632823	100.000000	1
48.514188	-71.634250	100.000000	1
48.514145	-71.634057	100.000000	1
48.517329	-71.632619	100.000000	1
48.517301	-71.632404	100.000000	1